5 0.112625 0.715167 0.298047 0.739458 0.287297 0.8675 0.102688 0.845417
5 0.0165937 0.407229 0.113453 0.416063 0.0935781 0.659 0 0.645875 0 0.6245
0 0.719406 0.142333 0.89325 0.143437 0.894078 0.208563 0.716094 0.198625
0 0.720234 0.0905625 0.890766 0.0915625 0.89325 0.144542 0.716922 0.143437
0 0.718578 0.0265417 0.895734 0.0341667 0.891594 0.0949792 0.714438 0.0860417
0 0.532328 0.142333 0.701109 0.137917 0.695406 0.198625 0.524797 0.197521
0 0.533078 0.0860417 0.701109 0.0849375 0.697813 0.141229 0.527359 0.140125
0 0.530672 0.02875 0.696234 0.0275417 0.696234 0.0827292 0.532328 0.08825
0 0.348469 0.163292 0.395734 0.169917 0.368422 0.398396 0.326109 0.382937
0 0.158078 0.345417 0.190437 0.313417 0.298047 0.491104 0.259969 0.523125
0 0.216094 0.118042 0.261625 0.121354 0.259063 0.338792 0.208656 0.341
0 0.0770312 0.1335 0.121734 0.139021 0.099375 0.360875 0.0554219 0.356458
4 0.317922 0.533062 0.447813 0.538583 0.441266 0.781396 0.308734 0.778083
3 0.81875 0.595979 0.889937 0.601479 0.889937 0.779188 0.810391 0.770354
2 0.703688 0.576104 0.781422 0.575 0.778109 0.784708 0.702766 0.785813
5 0.525703 0.662188 0.704422 0.6655 0.700375 0.790229 0.519078 0.786917
